

 Avian_0.5X/0.5X-1000-true/R1/ 
 U = [30, 22, 42, 233, 215, 205, 29, 23, 35, 19, 28, 31, 31, 32, 24]


 Avian_0.5X/0.5X-1000-true/R2/ 
 U = [22, 24, 42, 216, 220, 210, 32, 29, 32, 32, 20, 30, 28, 31, 31]

 Avian_0.5X/0.5X-1000-true/R3/ 
 U = [32, 29, 42, 233, 209, 194, 30, 23, 27, 27, 26, 33, 36, 31, 27]


 Avian_0.5X/0.5X-1000-true/R4/ 
 U = [33, 27, 35, 218, 226, 203, 24, 27, 32, 30, 26, 34, 27, 26, 31]

 Avian_0.5X/0.5X-1000-true/R5/ 
 U = [24, 37, 39, 227, 202, 218, 28, 25, 33, 31, 37, 31, 19, 27, 21]
